n	  relative  error		     relative residual	     cond(A)			           det(A)
=   =====================  =====================   =====================   =====================
1	  0.000000000000000e+00	 0.000000000000000e+00	 1.000000000000000e+00	 1.000000000000000e+00
2	  0.000000000000000e+00	 0.000000000000000e+00	 6.854101966249685e+00	 1.000000000000000e+00
3	  1.252589051664036e-15	 0.000000000000000e+00	 6.198386676965927e+01	 1.000000000000000e+00
4	  5.640975903314620e-15	 3.175677977308291e-17	 6.919374139700765e+02	 9.999999999999991e-01
5	  2.101592341548881e-13	 0.000000000000000e+00	 8.517524361139180e+03	 1.000000000000000e+00
6	  1.030660200062992e-12	 0.000000000000000e+00	 1.107866696801911e+05	 1.000000000000027e+00
7	  5.981164447247097e-12	 1.450743606142880e-16	 1.493442321689230e+06	 1.000000000001020e+00
8	  9.195013651267554e-11	 0.000000000000000e+00	 2.064517341596832e+07	 9.999999999978260e-01
9	  1.052987903397460e-09	 1.032051875517807e-16	 2.907827298795681e+08	 9.999999999839189e-01
10	5.708641258118069e-10	 2.875270453836205e-16	 4.155205690296392e+09	 9.999999985674154e-01
11	1.098791189468912e-07	 1.141730519578546e-16	 6.006352623959292e+10	 1.000000054387570e+00
12	1.207186941715610e-06	 0.000000000000000e+00	 8.763948197979275e+11	 1.000000073789683e+00
13	3.420987320255824e-06	 1.321688592492831e-16	 1.288755944848707e+13	 9.999989317791090e-01
14	1.006968372819327e-04	 2.787119813298738e-16	 1.907632055204815e+14	 9.999823692319186e-01
15	1.189688451799654e-03	 1.887489840378890e-16	 2.839214738079938e+15	 1.001116302854785e+00
16	4.205186075747569e-03	 0.000000000000000e+00	 4.245856745103138e+16	 1.004590307294016e+00
17	3.903364566173035e-03	 1.072933861198453e-16	 6.446819202214966e+17	 1.008066152835050e+00
18	1.276444749267668e+00	 1.262868323673544e-17	 8.740372465200146e+18	 8.036044826733513e-01
